L=0.001;
R=0.1;
J=10;
Cm=10;
Cw=10;
V=220;
Fi=1;
Tnabr=0.2;
Mnabr=2500;

